0 0 0 0 0 0.137931034482759 0 0 0 0 0 0.172413793103448 0 0 0 
0 0 0 0 0.137931034482759 0.275862068965517 0.137931034482759 0 0 0 0.172413793103448 0.344827586206897 0.172413793103448 0 0 
0 0 0 0.137931034482759 0.275862068965517 0.551724137931034 0.275862068965517 0.137931034482759 0 0.172413793103448 0.344827586206897 0.689655172413793 0.344827586206897 0.172413793103448 0 
0 0 0 0 0.137931034482759 0.275862068965517 0.137931034482759 0 0 0.172413793103448 0.172413793103448 0.344827586206897 0.172413793103448 0 0 
0 0 0 0 0 0.137931034482759 0 0 0.172413793103448 0.448275862068966 0.275862068965517 0.172413793103448 0 0 0 
0 0 0 0 0 0 0 0.172413793103448 0.448275862068966 1 0.655172413793103 0.275862068965517 0 0 0 
0 0 0 0.172413793103448 0 0 0 0.103448275862069 0.482758620689655 0.965517241379311 0.793103448275862 0.310344827586207 0.103448275862069 0 0 
0 0 0.172413793103448 0.344827586206897 0.172413793103448 0.172413793103448 0 0 0.103448275862069 0.482758620689655 0.310344827586207 0.103448275862069 0 0 0 
0 0.172413793103448 0.482758620689655 0.689655172413793 0.517241379310345 0.517241379310345 0.172413793103448 0.137931034482759 0 0.103448275862069 0.103448275862069 0 0 0 0 
0 0.137931034482759 0.586206896551724 0.655172413793103 0.517241379310345 0.689655172413793 0.482758620689655 0.448275862068966 0.137931034482759 0 0 0 0 0 0 
0.137931034482759 0.413793103448276 0.827586206896552 0.586206896551724 0.310344827586207 0.482758620689655 0.448275862068966 0.551724137931034 0.275862068965517 0.137931034482759 0 0 0 0 0 
0.137931034482759 0.413793103448276 0.827586206896552 0.413793103448276 0.137931034482759 0.172413793103448 0.137931034482759 0.275862068965517 0.137931034482759 0 0 0 0 0 0 
0 0.137931034482759 0.413793103448276 0.137931034482759 0 0 0 0.137931034482759 0 0 0 0 0 0 0 
0 0 0.137931034482759 0 0 0 0 0 0 0 0 0 0 0 0 
0 0 0 0 0 0 0 0 0 0 0 0 0 0 0 
